The 9 algorithms are ordered as follows: ["CCDE", "DCDE", "MCDE", "CPSO", "DCPSO", "MCPSO", "CABC", "DCABC", "MCABC"]

Function 1 at 1000 dimensions:
Kruskal-Wallis p-val: 7.019664116947049e-50
Conover-Iman:
              1             2             3              4              5              6              7             8              9
1  1.000000e+00  4.600100e-15  1.284925e-14   1.113422e-40   8.840078e-61   8.029626e-21   5.867085e-70  5.030787e-01   1.903997e-50
2  4.600100e-15  1.000000e+00  8.771380e-01   3.997266e-69   5.228760e-87   1.505189e-49   1.375457e-41  3.638413e-13   1.189912e-21
3  1.284925e-14  8.771380e-01  1.000000e+00   1.268917e-68   1.484376e-86   5.214483e-49   3.922893e-42  9.671670e-13   3.750773e-22
4  1.113422e-40  3.997266e-69  1.268917e-68   1.000000e+00   1.880515e-08   1.880515e-08  7.723117e-115  4.851044e-43  4.395253e-100
5  8.840078e-61  5.228760e-87  1.484376e-86   1.880515e-08   1.000000e+00   2.180873e-25  3.878202e-128  5.036451e-63  7.723117e-115
6  8.029626e-21  1.505189e-49  5.214483e-49   1.880515e-08   2.180873e-25   1.000000e+00  4.395253e-100  5.399434e-23   1.179166e-83
7  5.867085e-70  1.375457e-41  3.922893e-42  7.723117e-115  3.878202e-128  4.395253e-100   1.000000e+00  8.756026e-68   1.880515e-08
8  5.030787e-01  3.638413e-13  9.671670e-13   4.851044e-43   5.036451e-63   5.399434e-23   8.756026e-68  1.000000e+00   4.148787e-48
9  1.903997e-50  1.189912e-21  3.750773e-22  4.395253e-100  7.723117e-115   1.179166e-83   1.880515e-08  4.148787e-48   1.000000e+00

Function 2 at 1000 dimensions:
Kruskal-Wallis p-val: 1.419959371504357e-51
Conover-Iman:
               1              2              3              4              5              6              7             8              9
1   1.000000e+00   2.404791e-13   1.506687e-40   3.075392e-58   4.623231e-49  1.324680e-107   2.025104e-73  3.087454e-14   8.344168e-93
2   2.404791e-13   1.000000e+00   4.943806e-67   2.592318e-31   2.518848e-22  6.121164e-126   2.880715e-96  8.380820e-40  4.473478e-113
3   1.506687e-40   4.943806e-67   1.000000e+00  6.179066e-106   6.514762e-99   1.911106e-60   3.165711e-19  6.153021e-14   2.708485e-41
4   3.075392e-58   2.592318e-31  6.179066e-106   1.000000e+00   8.220838e-03  1.611119e-152  7.393576e-129  6.156915e-84  3.526865e-142
5   4.623231e-49   2.518848e-22   6.514762e-99   8.220838e-03   1.000000e+00  1.201586e-147  5.915440e-123  8.324700e-76  7.115750e-137
6  1.324680e-107  6.121164e-126   1.911106e-60  1.611119e-152  1.201586e-147   1.000000e+00   9.472668e-27  1.472052e-85   7.796381e-08
7   2.025104e-73   2.880715e-96   3.165711e-19  7.393576e-129  5.915440e-123   9.472668e-27   1.000000e+00  2.077287e-46   4.503711e-10
8   3.087454e-14   8.380820e-40   6.153021e-14   6.156915e-84   8.324700e-76   1.472052e-85   2.077287e-46  1.000000e+00   2.061046e-68
9   8.344168e-93  4.473478e-113   2.708485e-41  3.526865e-142  7.115750e-137   7.796381e-08   4.503711e-10  2.061046e-68   1.000000e+00

Function 3 at 1000 dimensions:
Kruskal-Wallis p-val: 8.314246854941651e-53
Conover-Iman:
               1              2              3              4              5              6              7              8              9
1   1.000000e+00  1.502653e-140  4.735364e-164   4.805586e-75   1.760659e-30  3.052922e-215  1.015926e-183  1.253535e-111  1.139733e-200
2  1.502653e-140   1.000000e+00   1.760659e-30   4.805586e-75  1.253535e-111  2.092970e-140   4.805586e-75   1.760659e-30  8.290237e-112
3  4.735364e-164   1.760659e-30   1.000000e+00  1.253535e-111  1.502653e-140  1.896456e-111   1.760659e-30   4.805586e-75   2.840645e-75
4   4.805586e-75   4.805586e-75  1.253535e-111   1.000000e+00   1.760659e-30  1.281217e-183  1.502653e-140   1.760659e-30  3.602960e-164
5   1.760659e-30  1.253535e-111  1.502653e-140   1.760659e-30   1.000000e+00  1.703456e-200  4.735364e-164   4.805586e-75  8.057260e-184
6  3.052922e-215  2.092970e-140  1.896456e-111  1.281217e-183  1.703456e-200   1.000000e+00   8.135095e-75  6.225356e-164   5.593364e-30
7  1.015926e-183   4.805586e-75   1.760659e-30  1.502653e-140  4.735364e-164   8.135095e-75   1.000000e+00  1.253535e-111   9.868774e-31
8  1.253535e-111   1.760659e-30   4.805586e-75   1.760659e-30   4.805586e-75  6.225356e-164  1.253535e-111   1.000000e+00  1.079244e-140
9  1.139733e-200  8.290237e-112   2.840645e-75  3.602960e-164  8.057260e-184   5.593364e-30   9.868774e-31  1.079244e-140   1.000000e+00

Function 4 at 1000 dimensions:
Kruskal-Wallis p-val: 2.2137908729376834e-43
Conover-Iman:
              1             2             3             4             5             6             7             8             9
1  1.000000e+00  1.835057e-04  7.332830e-03  7.757611e-04  6.453396e-41  1.331288e-42  1.995294e-12  5.490657e-34  8.704322e-42
2  1.835057e-04  1.000000e+00  4.111011e-10  6.940526e-01  3.570428e-54  8.107880e-56  5.527117e-24  2.548397e-47  5.049195e-55
3  7.332830e-03  4.111011e-10  1.000000e+00  3.728332e-09  1.902082e-31  4.123537e-33  4.470368e-06  9.977732e-25  2.639786e-32
4  7.757611e-04  6.940526e-01  3.728332e-09  1.000000e+00  8.149778e-53  1.821591e-54  1.090582e-22  6.112956e-46  1.143308e-53
5  6.453396e-41  3.570428e-54  1.902082e-31  8.149778e-53  1.000000e+00  6.325291e-01  3.948055e-16  4.956845e-02  8.050342e-01
6  1.331288e-42  8.107880e-56  4.123537e-33  1.821591e-54  6.325291e-01  1.000000e+00  1.434865e-17  1.487909e-02  8.169951e-01
7  1.995294e-12  5.527117e-24  4.470368e-06  1.090582e-22  3.948055e-16  1.434865e-17  1.000000e+00  1.125517e-10  7.215585e-17
8  5.490657e-34  2.548397e-47  9.977732e-25  6.112956e-46  4.956845e-02  1.487909e-02  1.125517e-10  1.000000e+00  2.728279e-02
9  8.704322e-42  5.049195e-55  2.639786e-32  1.143308e-53  8.050342e-01  8.169951e-01  7.215585e-17  2.728279e-02  1.000000e+00
Avg | Dimensions: 1000 | Func: 4 | Winner: DCDE | But not independent from: CPSO | Pval: 0.6940525655790994
Min | Dimensions: 1000 | Func: 4 | Winner: DCDE | But not independent from: CPSO | Pval: 0.6940525655790994

Function 5 at 1000 dimensions:
Kruskal-Wallis p-val: 7.673106556381662e-44
Conover-Iman:
              1             2             3             4             5             6             7             8             9
1  1.000000e+00  1.015202e-04  6.129049e-39  7.640309e-18  3.510576e-46  4.620488e-50  7.849096e-22  5.012742e-60  1.211844e-03
2  1.015202e-04  1.000000e+00  9.202458e-53  7.426311e-31  8.447655e-60  1.609818e-63  2.925608e-35  5.833541e-73  5.690353e-12
3  6.129049e-39  9.202458e-53  1.000000e+00  1.577821e-09  4.050304e-02  1.710445e-03  1.078561e-06  4.395499e-09  1.462282e-27
4  7.640309e-18  7.426311e-31  1.577821e-09  1.000000e+00  4.997142e-15  2.359227e-18  2.071644e-01  7.631954e-28  6.898644e-09
5  3.510576e-46  8.447655e-60  4.050304e-02  4.997142e-15  1.000000e+00  2.678384e-01  1.561872e-11  7.777773e-05  1.115157e-34
6  4.620488e-50  1.609818e-63  1.710445e-03  2.359227e-18  2.678384e-01  1.000000e+00  1.388799e-14  3.993553e-03  1.409203e-38
7  7.849096e-22  2.925608e-35  1.078561e-06  2.071644e-01  1.561872e-11  1.388799e-14  1.000000e+00  1.334934e-23  4.574384e-12
8  5.012742e-60  5.833541e-73  4.395499e-09  7.631954e-28  7.777773e-05  3.993553e-03  1.334934e-23  1.000000e+00  8.826529e-49
9  1.211844e-03  5.690353e-12  1.462282e-27  6.898644e-09  1.115157e-34  1.409203e-38  4.574384e-12  8.826529e-49  1.000000e+00

Function 6 at 1000 dimensions:
Kruskal-Wallis p-val: 2.1439109638676523e-35
Conover-Iman:
              1             2             3             4             5             6             7             8             9
1  1.000000e+00  3.605935e-22  2.436388e-52  9.146486e-44  8.852671e-09  1.384720e-08  6.728982e-30  1.701593e-16  2.420447e-20
2  3.605935e-22  1.000000e+00  3.400274e-16  1.557820e-09  4.470542e-06  3.059355e-06  2.214280e-02  7.079376e-02  5.703863e-01
3  2.436388e-52  3.400274e-16  1.000000e+00  1.476079e-02  1.597667e-31  8.191550e-32  6.595532e-10  7.664457e-22  6.554692e-18
4  9.146486e-44  1.557820e-09  1.476079e-02  1.000000e+00  3.313661e-23  1.758617e-23  9.668456e-05  2.480993e-14  5.949412e-11
5  8.852671e-09  4.470542e-06  1.597667e-31  3.313661e-23  1.000000e+00  9.334036e-01  2.312172e-11  4.403811e-03  5.117062e-05
6  1.384720e-08  3.059355e-06  8.191550e-32  1.758617e-23  9.334036e-01  1.000000e+00  1.396824e-11  3.397586e-03  3.629882e-05
7  6.728982e-30  2.214280e-02  6.595532e-10  9.668456e-05  2.312172e-11  1.396824e-11  1.000000e+00  5.177512e-05  4.442919e-03
8  1.701593e-16  7.079376e-02  7.664457e-22  2.480993e-14  4.403811e-03  3.397586e-03  5.177512e-05  1.000000e+00  2.138793e-01
9  2.420447e-20  5.703863e-01  6.554692e-18  5.949412e-11  5.117062e-05  3.629882e-05  4.442919e-03  2.138793e-01  1.000000e+00

Function 7 at 1000 dimensions:
Kruskal-Wallis p-val: 1.6092663939435818e-39
Conover-Iman:
              1             2             3             4             5             6             7             8             9
1  1.000000e+00  1.795908e-11  8.568147e-01  1.595457e-13  5.613492e-25  1.667041e-21  4.256013e-04  2.238205e-09  1.251597e-14
2  1.795908e-11  1.000000e+00  5.283946e-11  4.488018e-01  1.917425e-49  9.587138e-46  4.558144e-22  6.504134e-31  7.654780e-38
3  8.568147e-01  5.283946e-11  1.000000e+00  5.046415e-13  1.396166e-25  4.339769e-22  2.177529e-04  8.153887e-10  3.768914e-15
4  1.595457e-13  4.488018e-01  5.046415e-13  1.000000e+00  4.433586e-52  2.116001e-48  1.462232e-24  1.504164e-33  1.636831e-40
5  5.613492e-25  1.917425e-49  1.396166e-25  4.433586e-52  1.000000e+00  2.913145e-01  7.133606e-14  2.630853e-07  1.088435e-03
6  1.667041e-21  9.587138e-46  4.339769e-22  2.116001e-48  2.913145e-01  1.000000e+00  5.082242e-11  3.243337e-05  2.553316e-02
7  4.256013e-04  4.558144e-22  2.177529e-04  1.462232e-24  7.133606e-14  5.082242e-11  1.000000e+00  9.122636e-03  6.295637e-06
8  2.238205e-09  6.504134e-31  8.153887e-10  1.504164e-33  2.630853e-07  3.243337e-05  9.122636e-03  1.000000e+00  4.836908e-02
9  1.251597e-14  7.654780e-38  3.768914e-15  1.636831e-40  1.088435e-03  2.553316e-02  6.295637e-06  4.836908e-02  1.000000e+00
Min | Dimensions: 1000 | Func: 7 | Winner: DCDE | But not independent from: CPSO | Pval: 0.4488017909177705
Avg | Dimensions: 1000 | Func: 7 | Winner: CPSO | But not independent from: DCDE | Pval: 0.4488017909177705

Function 8 at 1000 dimensions:
Kruskal-Wallis p-val: 1.1825371559925108e-46
Conover-Iman:
              1             2             3             4             5             6             7             8             9
1  1.000000e+00  2.266321e-03  8.788910e-10  7.498826e-01  3.499272e-31  1.113624e-76  1.847955e-41  9.561084e-69  1.062222e-70
2  2.266321e-03  1.000000e+00  1.177402e-03  7.725770e-04  7.566300e-21  7.804658e-67  1.157113e-30  1.653044e-58  1.488138e-60
3  8.788910e-10  1.177402e-03  1.000000e+00  1.410047e-10  3.073043e-11  7.756932e-56  9.597242e-20  3.504985e-47  2.686484e-49
4  7.498826e-01  7.725770e-04  1.410047e-10  1.000000e+00  2.734145e-32  1.139918e-77  1.390532e-42  8.870405e-70  1.008835e-71
5  3.499272e-31  7.566300e-21  3.073043e-11  2.734145e-32  1.000000e+00  1.372321e-31  3.653102e-03  3.948048e-23  3.895542e-25
6  1.113624e-76  7.804658e-67  7.756932e-56  1.139918e-77  1.372321e-31  1.000000e+00  1.043388e-21  1.315151e-02  5.968893e-02
7  1.847955e-41  1.157113e-30  9.597242e-20  1.390532e-42  3.653102e-03  1.043388e-21  1.000000e+00  4.285773e-14  7.623699e-16
8  9.561084e-69  1.653044e-58  3.504985e-47  8.870405e-70  3.948048e-23  1.315151e-02  4.285773e-14  1.000000e+00  5.454327e-01
9  1.062222e-70  1.488138e-60  2.686484e-49  1.008835e-71  3.895542e-25  5.968893e-02  7.623699e-16  5.454327e-01  1.000000e+00
Avg | Dimensions: 1000 | Func: 8 | Winner: CCDE | But not independent from: CPSO | Pval: 0.7498825574978634
Min | Dimensions: 1000 | Func: 8 | Winner: CPSO | But not independent from: CCDE | Pval: 0.7498825574978634

Function 9 at 1000 dimensions:
Kruskal-Wallis p-val: 1.4398878325422478e-43
Conover-Iman:
              1             2             3             4             5             6             7             8             9
1  1.000000e+00  2.093288e-04  1.376375e-48  1.814795e-18  1.831979e-51  3.073944e-47  1.565934e-15  5.658684e-50  1.130774e-04
2  2.093288e-04  1.000000e+00  1.750528e-61  6.557857e-31  3.086286e-64  3.467829e-60  1.443492e-27  8.207248e-63  3.189940e-13
3  1.376375e-48  1.750528e-61  1.000000e+00  1.874951e-16  4.094766e-01  6.999636e-01  1.937142e-19  6.913350e-01  8.120598e-35
4  1.814795e-18  6.557857e-31  1.874951e-16  1.000000e+00  5.629786e-19  2.576745e-15  3.308458e-01  1.183308e-17  7.183622e-08
5  1.831979e-51  3.086286e-64  4.094766e-01  5.629786e-19  1.000000e+00  2.266319e-01  4.444213e-22  6.685243e-01  1.024472e-37
6  3.073944e-47  3.467829e-60  6.999636e-01  2.576745e-15  2.266319e-01  1.000000e+00  3.072218e-18  4.341737e-01  1.810519e-33
7  1.565934e-15  1.443492e-27  1.937142e-19  3.308458e-01  4.444213e-22  3.072218e-18  1.000000e+00  1.067370e-20  7.496253e-06
8  5.658684e-50  8.207248e-63  6.913350e-01  1.183308e-17  6.685243e-01  4.341737e-01  1.067370e-20  1.000000e+00  3.283954e-36
9  1.130774e-04  3.189940e-13  8.120598e-35  7.183622e-08  1.024472e-37  1.810519e-33  7.496253e-06  3.283954e-36  1.000000e+00

Function 10 at 1000 dimensions:
Kruskal-Wallis p-val: 1.8723905235634448e-29
Conover-Iman:
              1             2             3             4             5             6             7             8             9
1  1.000000e+00  2.591047e-20  5.915437e-30  7.119626e-32  1.164465e-08  7.218753e-03  2.237203e-05  7.936302e-06  3.800333e-04
2  2.591047e-20  1.000000e+00  4.107139e-03  6.524242e-04  4.312278e-05  2.612794e-12  2.679740e-08  9.245393e-08  5.291180e-10
3  5.915437e-30  4.107139e-03  1.000000e+00  5.793162e-01  1.540878e-11  6.535039e-21  6.073144e-16  3.070169e-15  4.158953e-18
4  7.119626e-32  6.524242e-04  5.793162e-01  1.000000e+00  4.966567e-13  1.044584e-22  1.308317e-17  6.981257e-17  7.738958e-20
5  1.164465e-08  4.312278e-05  1.540878e-11  4.966567e-13  1.000000e+00  1.620921e-03  1.164162e-01  1.829777e-01  2.265378e-02
6  7.218753e-03  2.612794e-12  6.535039e-21  1.044584e-22  1.620921e-03  1.000000e+00  1.085567e-01  6.540582e-02  3.728794e-01
7  2.237203e-05  2.679740e-08  6.073144e-16  1.308317e-17  1.164162e-01  1.085567e-01  1.000000e+00  8.104923e-01  4.736446e-01
8  7.936302e-06  9.245393e-08  3.070169e-15  6.981257e-17  1.829777e-01  6.540582e-02  8.104923e-01  1.000000e+00  3.391326e-01
9  3.800333e-04  5.291180e-10  4.158953e-18  7.738958e-20  2.265378e-02  3.728794e-01  4.736446e-01  3.391326e-01  1.000000e+00
Min | Dimensions: 1000 | Func: 10 | Winner: MCDE | But not independent from: CPSO | Pval: 0.5793161916328256
Avg | Dimensions: 1000 | Func: 10 | Winner: CPSO | But not independent from: MCDE | Pval: 0.5793161916328256

Function 11 at 1000 dimensions:
Kruskal-Wallis p-val: 5.895409769476273e-39
Conover-Iman:
              1             2             3             4             5             6             7             8             9
1  1.000000e+00  1.230730e-02  5.464727e-11  8.348471e-04  4.174778e-30  1.247540e-37  1.616992e-05  5.545074e-15  2.918511e-28
2  1.230730e-02  1.000000e+00  3.706901e-18  3.908179e-01  6.550710e-39  1.698709e-46  3.587767e-11  8.530686e-23  5.094080e-37
3  5.464727e-11  3.706901e-18  1.000000e+00  7.397594e-21  2.910542e-09  5.427436e-15  1.494620e-02  1.459430e-01  5.118527e-08
4  8.348471e-04  3.908179e-01  7.397594e-21  1.000000e+00  6.162759e-42  1.679823e-49  1.750537e-13  1.206107e-25  4.818532e-40
5  4.174778e-30  6.550710e-39  2.910542e-09  6.162759e-42  1.000000e+00  3.192197e-02  7.566730e-16  4.397885e-06  5.912904e-01
6  1.247540e-37  1.698709e-46  5.427436e-15  1.679823e-49  3.192197e-02  1.000000e+00  1.418725e-22  5.361529e-11  7.504843e-03
7  1.616992e-05  3.587767e-11  1.494620e-02  1.750537e-13  7.566730e-16  1.418725e-22  1.000000e+00  1.185169e-04  2.732485e-14
8  5.545074e-15  8.530686e-23  1.459430e-01  1.206107e-25  4.397885e-06  5.361529e-11  1.185169e-04  1.000000e+00  4.449532e-05
9  2.918511e-28  5.094080e-37  5.118527e-08  4.818532e-40  5.912904e-01  7.504843e-03  2.732485e-14  4.449532e-05  1.000000e+00
Avg | Dimensions: 1000 | Func: 11 | Winner: CPSO | But not independent from: DCDE | Pval: 0.3908178975952802
Min | Dimensions: 1000 | Func: 11 | Winner: CPSO | But not independent from: DCDE | Pval: 0.3908178975952802

Function 12 at 1000 dimensions:
Kruskal-Wallis p-val: 9.78839295265265e-48
Conover-Iman:
              1             2             3             4             5             6             7             8             9
1  1.000000e+00  3.517962e-51  1.650358e-39  1.511405e-18  1.213491e-32  2.972591e-07  5.036417e-47  4.350771e-19  2.367114e-04
2  3.517962e-51  1.000000e+00  9.968828e-04  4.026119e-82  2.132736e-94  9.886479e-33  2.345315e-01  4.181324e-18  7.381160e-64
3  1.650358e-39  9.968828e-04  1.000000e+00  8.686899e-72  7.936017e-85  1.718425e-21  3.348031e-02  5.921400e-09  1.459032e-52
4  1.511405e-18  4.026119e-82  8.686899e-72  1.000000e+00  3.180357e-05  3.091364e-36  1.714868e-78  1.120794e-51  2.320012e-08
5  1.213491e-32  2.132736e-94  7.936017e-85  3.180357e-05  1.000000e+00  4.315843e-51  4.860300e-91  5.284462e-66  3.912851e-20
6  2.972591e-07  9.886479e-33  1.718425e-21  3.091364e-36  4.315843e-51  1.000000e+00  1.288360e-28  1.558461e-05  5.150599e-17
7  5.036417e-47  2.345315e-01  3.348031e-02  1.714868e-78  4.860300e-91  1.288360e-28  1.000000e+00  1.460537e-14  7.183239e-60
8  4.350771e-19  4.181324e-18  5.921400e-09  1.120794e-51  5.284462e-66  1.558461e-05  1.460537e-14  1.000000e+00  1.732071e-31
9  2.367114e-04  7.381160e-64  1.459032e-52  2.320012e-08  3.912851e-20  5.150599e-17  7.183239e-60  1.732071e-31  1.000000e+00
Avg | Dimensions: 1000 | Func: 12 | Winner: CABC | But not independent from: DCDE | Pval: 0.2345315438629114
Min | Dimensions: 1000 | Func: 12 | Winner: CABC | But not independent from: DCDE | Pval: 0.2345315438629114

Function 13 at 1000 dimensions:
Kruskal-Wallis p-val: 5.917454498452422e-43
Conover-Iman:
              1             2             3             4             5             6             7             8             9
1  1.000000e+00  1.153253e-45  3.854247e-36  2.647119e-61  9.134794e-04  6.665274e-02  1.285591e-24  1.618825e-08  1.906179e-19
2  1.153253e-45  1.000000e+00  7.222149e-03  8.525948e-06  2.744572e-57  3.478829e-39  4.780548e-09  2.247220e-25  3.777262e-13
3  3.854247e-36  7.222149e-03  1.000000e+00  4.737663e-12  6.258142e-48  9.899040e-30  9.255177e-04  9.978576e-17  1.354906e-06
4  2.647119e-61  8.525948e-06  4.737663e-12  1.000000e+00  2.788046e-72  4.744972e-55  4.554482e-22  3.956550e-41  2.233346e-27
5  9.134794e-04  2.744572e-57  6.258142e-48  2.788046e-72  1.000000e+00  4.106426e-07  3.738259e-36  1.312590e-17  1.365169e-30
6  6.665274e-02  3.478829e-39  9.899040e-30  4.744972e-55  4.106426e-07  1.000000e+00  1.115823e-18  8.598103e-05  6.108724e-14
7  1.285591e-24  4.780548e-09  9.255177e-04  4.554482e-22  3.738259e-36  1.115823e-18  1.000000e+00  7.230562e-08  1.117228e-01
8  1.618825e-08  2.247220e-25  9.978576e-17  3.956550e-41  1.312590e-17  8.598103e-05  7.230562e-08  1.000000e+00  1.013609e-04
9  1.906179e-19  3.777262e-13  1.354906e-06  2.233346e-27  1.365169e-30  6.108724e-14  1.117228e-01  1.013609e-04  1.000000e+00

Function 14 at 1000 dimensions:
Kruskal-Wallis p-val: 2.6582650611329433e-40
Conover-Iman:
              1             2             3             4             5             6             7             8             9
1  1.000000e+00  2.700777e-01  3.996406e-07  5.503510e-06  2.333113e-29  2.969647e-41  1.327908e-13  9.941396e-26  9.859283e-31
2  2.700777e-01  1.000000e+00  1.210368e-09  4.815950e-04  3.478936e-33  3.844439e-45  8.204285e-17  1.738663e-29  1.407988e-34
3  3.996406e-07  1.210368e-09  1.000000e+00  1.210447e-19  6.263903e-13  2.655936e-23  9.413597e-03  3.911916e-10  4.854974e-14
4  5.503510e-06  4.815950e-04  1.210447e-19  1.000000e+00  1.324557e-45  2.134834e-57  2.857107e-28  7.544950e-42  5.293589e-47
5  2.333113e-29  3.478936e-33  6.263903e-13  1.324557e-45  1.000000e+00  7.696865e-04  1.281757e-06  2.864843e-01  6.903452e-01
6  2.969647e-41  3.844439e-45  2.655936e-23  2.134834e-57  7.696865e-04  1.000000e+00  3.735217e-15  1.158900e-05  2.916679e-03
7  1.327908e-13  8.204285e-17  9.413597e-03  2.857107e-28  1.281757e-06  3.735217e-15  1.000000e+00  1.271419e-04  1.857026e-07
8  9.941396e-26  1.738663e-29  3.911916e-10  7.544950e-42  2.864843e-01  1.158900e-05  1.271419e-04  1.000000e+00  1.436125e-01
9  9.859283e-31  1.407988e-34  4.854974e-14  5.293589e-47  6.903452e-01  2.916679e-03  1.857026e-07  1.436125e-01  1.000000e+00

Function 15 at 1000 dimensions:
Kruskal-Wallis p-val: 4.1472692004933026e-48
Conover-Iman:
              1              2             3             4              5             6             7             8             9
1  1.000000e+00   3.743360e-17  1.115288e-01  1.275553e-48   1.049995e-83  4.917061e-59  2.312012e-03  9.223322e-32  1.058882e-38
2  3.743360e-17   1.000000e+00  1.463542e-12  1.700114e-78  1.539842e-108  1.477771e-87  4.268722e-27  4.398633e-63  1.374149e-69
3  1.115288e-01   1.463542e-12  1.000000e+00  3.688052e-54   2.111078e-88  2.208258e-64  4.739386e-06  2.411962e-37  2.538772e-44
4  1.275553e-48   1.700114e-78  3.688052e-54  1.000000e+00   1.434527e-22  2.740281e-03  8.272909e-38  2.599704e-06  5.117730e-03
5  1.049995e-83  1.539842e-108  2.111078e-88  1.434527e-22   1.000000e+00  2.330446e-13  2.909649e-74  4.494405e-39  3.960422e-32
6  4.917061e-59   1.477771e-87  2.208258e-64  2.740281e-03   2.330446e-13  1.000000e+00  1.951445e-48  1.223268e-13  1.484615e-08
7  2.312012e-03   4.268722e-27  4.739386e-06  8.272909e-38   2.909649e-74  1.951445e-48  1.000000e+00  2.102128e-21  5.389687e-28
8  9.223322e-32   4.398633e-63  2.411962e-37  2.599704e-06   4.494405e-39  1.223268e-13  2.102128e-21  1.000000e+00  4.844548e-02
9  1.058882e-38   1.374149e-69  2.538772e-44  5.117730e-03   3.960422e-32  1.484615e-08  5.389687e-28  4.844548e-02  1.000000e+00