The 9 algorithms are ordered as follows: ["CCDE", "DCDE", "MCDE", "CPSO", "DCPSO", "MCPSO", "CABC", "DCABC", "MCABC"]

Function 1 at 100 dimensions:
Kruskal-Wallis p-val: 1.0269333706236538e-51
Conover-Iman:
               1              2              3              4              5              6              7              8             9
1   1.000000e+00   2.181157e-42   7.826269e-15  8.975496e-105  3.925863e-133  2.280532e-111  6.307432e-149   7.826269e-15  5.807047e-71
2   2.181157e-42   1.000000e+00   7.826269e-15   6.435663e-55   4.640510e-93   1.018701e-63  4.855163e-114   1.967978e-70  2.601889e-15
3   7.826269e-15   7.826269e-15   1.000000e+00   1.208394e-81  1.424564e-114   2.500631e-89  1.137183e-132   2.181157e-42  5.726827e-43
4  8.975496e-105   6.435663e-55   1.208394e-81   1.000000e+00   2.838458e-27   9.753135e-03   2.900201e-55  1.178246e-124  1.238674e-25
5  3.925863e-133   4.640510e-93  1.424564e-114   2.838458e-27   1.000000e+00   9.128858e-19   3.333823e-14  2.478210e-149  1.717348e-67
6  2.280532e-111   1.018701e-63   2.500631e-89   9.753135e-03   9.128858e-19   1.000000e+00   3.196455e-46  2.350134e-130  1.373957e-34
7  6.307432e-149  4.855163e-114  1.137183e-132   2.900201e-55   3.333823e-14   3.196455e-46   1.000000e+00  2.737664e-163  5.663772e-92
8   7.826269e-15   1.967978e-70   2.181157e-42  1.178246e-124  2.478210e-149  2.350134e-130  2.737664e-163   1.000000e+00  1.367932e-95
9   5.807047e-71   2.601889e-15   5.726827e-43   1.238674e-25   1.717348e-67   1.373957e-34   5.663772e-92   1.367932e-95  1.000000e+00

Function 2 at 100 dimensions:
Kruskal-Wallis p-val: 8.980298663423076e-50
Conover-Iman:
               1             2             3             4              5              6              7             8             9
1   1.000000e+00  2.054156e-98  6.748481e-63  8.456382e-17   2.922968e-01  1.714985e-118  5.840072e-101  4.301049e-38  8.440184e-72
2   2.054156e-98  1.000000e+00  7.332303e-26  3.997402e-72   1.594932e-95   5.335075e-14   3.444320e-01  7.542392e-51  4.175338e-17
3   6.748481e-63  7.332303e-26  1.000000e+00  5.637325e-32   2.355326e-59   1.408163e-53   4.443623e-29  7.690920e-12  6.823305e-03
4   8.456382e-17  3.997402e-72  5.637325e-32  1.000000e+00   9.895731e-14   8.694518e-96   4.034832e-75  8.823244e-10  1.539103e-41
5   2.922968e-01  1.594932e-95  2.355326e-59  9.895731e-14   1.000000e+00  5.405538e-116   4.036489e-98  2.168133e-34  2.118699e-68
6  1.714985e-118  5.335075e-14  1.408163e-53  8.694518e-96  5.405538e-116   1.000000e+00   2.014344e-11  3.827157e-77  4.565964e-44
7  5.840072e-101  3.444320e-01  4.443623e-29  4.034832e-75   4.036489e-98   2.014344e-11   1.000000e+00  3.990481e-54  4.872507e-20
8   4.301049e-38  7.542392e-51  7.690920e-12  8.823244e-10   2.168133e-34   3.827157e-77   3.990481e-54  1.000000e+00  8.105943e-20
9   8.440184e-72  4.175338e-17  6.823305e-03  1.539103e-41   2.118699e-68   4.565964e-44   4.872507e-20  8.105943e-20  1.000000e+00

Function 3 at 100 dimensions:
Kruskal-Wallis p-val: 1.2467891732306673e-52
Conover-Iman:
               1              2              3              4              5              6              7              8              9
1   1.000000e+00   2.830306e-66   7.969440e-26   1.351547e-70   1.523700e-97  2.868705e-129  2.282568e-152   7.969440e-26  3.967522e-101
2   2.830306e-66   1.000000e+00   7.969440e-26  4.135868e-132  5.901206e-150   2.830306e-66  3.967522e-101  3.967522e-101   7.969440e-26
3   7.969440e-26   7.969440e-26   1.000000e+00  1.263467e-104  2.306988e-126  3.967522e-101  2.868705e-129   2.830306e-66   2.830306e-66
4   1.351547e-70  4.135868e-132  1.263467e-104   1.000000e+00   2.826084e-17  8.007344e-174  2.803133e-190   2.329617e-30  9.827978e-155
5   1.523700e-97  5.901206e-150  2.306988e-126   2.826084e-17   1.000000e+00  9.597960e-187  1.351722e-201   7.275908e-62  9.390817e-170
6  2.868705e-129   2.830306e-66  3.967522e-101  8.007344e-174  9.597960e-187   1.000000e+00   7.969440e-26  2.282568e-152   7.969440e-26
7  2.282568e-152  3.967522e-101  2.868705e-129  2.803133e-190  1.351722e-201   7.969440e-26   1.000000e+00  8.332852e-172   2.830306e-66
8   7.969440e-26  3.967522e-101   2.830306e-66   2.329617e-30   7.275908e-62  2.282568e-152  8.332852e-172   1.000000e+00  2.868705e-129
9  3.967522e-101   7.969440e-26   2.830306e-66  9.827978e-155  9.390817e-170   7.969440e-26   2.830306e-66  2.868705e-129   1.000000e+00

Function 4 at 100 dimensions:
Kruskal-Wallis p-val: 1.726906364000555e-47
Conover-Iman:
              1             2             3             4             5             6             7             8             9
1  1.000000e+00  2.202461e-02  1.395843e-04  1.024672e-46  7.178944e-34  1.526233e-27  1.036284e-11  3.736476e-33  6.299552e-33
2  2.202461e-02  1.000000e+00  2.592248e-09  1.018969e-54  5.782483e-42  1.617422e-35  2.464438e-06  2.913655e-25  4.809004e-25
3  1.395843e-04  2.592248e-09  1.000000e+00  3.889711e-33  8.150349e-21  3.342013e-15  2.466199e-23  9.840955e-47  1.664153e-46
4  1.024672e-46  1.018969e-54  3.889711e-33  1.000000e+00  3.098665e-04  9.576028e-08  9.214744e-71  3.304682e-91  5.064634e-91
5  7.178944e-34  5.782483e-42  8.150349e-21  3.098665e-04  1.000000e+00  6.794783e-02  1.100562e-58  1.922054e-80  3.034187e-80
6  1.526233e-27  1.617422e-35  3.342013e-15  9.576028e-08  6.794783e-02  1.000000e+00  2.101772e-52  9.003423e-75  1.442723e-74
7  1.036284e-11  2.464438e-06  2.466199e-23  9.214744e-71  1.100562e-58  2.101772e-52  1.000000e+00  9.478459e-11  1.387107e-10
8  3.736476e-33  2.913655e-25  9.840955e-47  3.304682e-91  1.922054e-80  9.003423e-75  9.478459e-11  1.000000e+00  9.481402e-01
9  6.299552e-33  4.809004e-25  1.664153e-46  5.064634e-91  3.034187e-80  1.442723e-74  1.387107e-10  9.481402e-01  1.000000e+00

Function 5 at 100 dimensions:
Kruskal-Wallis p-val: 8.506045288447972e-44
Conover-Iman:
              1             2             3             4             5             6             7             8             9
1  1.000000e+00  1.940425e-11  7.317836e-20  1.311457e-03  8.752950e-02  3.258554e-50  5.480741e-17  7.423320e-38  1.131139e-40
2  1.940425e-11  1.000000e+00  6.824602e-44  5.435299e-21  2.432944e-07  1.268499e-73  1.285435e-40  3.663621e-62  8.007203e-65
3  7.317836e-20  6.824602e-44  1.000000e+00  1.584610e-10  1.863950e-25  1.630243e-16  3.530007e-01  2.432944e-07  3.743991e-09
4  1.311457e-03  5.435299e-21  1.584610e-10  1.000000e+00  1.249848e-06  8.194783e-39  2.726880e-08  1.347511e-26  2.525867e-29
5  8.752950e-02  2.432944e-07  1.863950e-25  1.249848e-06  1.000000e+00  3.916822e-56  2.220271e-22  6.824602e-44  1.057575e-46
6  3.258554e-50  1.268499e-73  1.630243e-16  8.194783e-39  3.916822e-56  1.000000e+00  2.294718e-19  5.077585e-04  6.959110e-03
7  5.480741e-17  1.285435e-40  3.530007e-01  2.726880e-08  2.220271e-22  2.294718e-19  1.000000e+00  1.826361e-09  1.764605e-11
8  7.423320e-38  3.663621e-62  2.432944e-07  1.347511e-26  6.824602e-44  5.077585e-04  1.826361e-09  1.000000e+00  4.242417e-01
9  1.131139e-40  8.007203e-65  3.743991e-09  2.525867e-29  1.057575e-46  6.959110e-03  1.764605e-11  4.242417e-01  1.000000e+00

Function 6 at 100 dimensions:
Kruskal-Wallis p-val: 7.315825665570024e-39
Conover-Iman:
              1             2             3             4             5             6             7             8             9
1  1.000000e+00  4.200852e-03  1.354177e-16  1.549001e-14  4.309350e-08  3.225732e-35  4.012246e-23  2.574070e-49  7.749700e-32
2  4.200852e-03  1.000000e+00  7.853325e-26  1.714244e-23  1.184545e-15  2.251825e-45  6.090188e-33  3.010502e-59  5.760884e-42
3  1.354177e-16  7.853325e-26  1.000000e+00  4.828261e-01  1.514711e-03  5.086697e-08  3.915290e-02  5.723047e-19  5.435172e-06
4  1.549001e-14  1.714244e-23  4.828261e-01  1.000000e+00  1.292581e-02  1.154796e-09  5.905541e-03  3.404349e-21  1.961358e-07
5  4.309350e-08  1.184545e-15  1.514711e-03  1.292581e-02  1.000000e+00  1.689004e-16  2.738428e-07  1.489796e-29  1.084293e-13
6  3.225732e-35  2.251825e-45  5.086697e-08  1.154796e-09  1.689004e-16  1.000000e+00  4.744601e-04  7.792256e-05  3.333849e-01
7  4.012246e-23  6.090188e-33  3.915290e-02  5.905541e-03  2.738428e-07  4.744601e-04  1.000000e+00  7.124672e-13  1.071331e-02
8  2.574070e-49  3.010502e-59  5.723047e-19  3.404349e-21  1.489796e-29  7.792256e-05  7.124672e-13  1.000000e+00  1.138076e-06
9  7.749700e-32  5.760884e-42  5.435172e-06  1.961358e-07  1.084293e-13  3.333849e-01  1.071331e-02  1.138076e-06  1.000000e+00

Function 7 at 100 dimensions:
Kruskal-Wallis p-val: 2.7860891097458083e-50
Conover-Iman:
              1             2             3              4              5              6              7              8              9
1  1.000000e+00  3.563500e-06  2.889470e-08   2.919329e-69   7.593384e-46   1.081883e-33   8.478784e-24   3.193178e-62   2.210584e-54
2  3.563500e-06  1.000000e+00  1.309876e-21   2.156309e-53   2.902295e-29   6.321312e-18   3.792311e-40   1.739224e-77   3.455539e-70
3  2.889470e-08  1.309876e-21  1.000000e+00   6.824428e-87   2.126001e-65   1.008439e-53   1.447474e-07   1.754917e-42   2.320004e-34
4  2.919329e-69  2.156309e-53  6.824428e-87   1.000000e+00   3.834596e-11   2.665058e-21  6.035853e-102  1.325011e-128  1.729869e-123
5  7.593384e-46  2.902295e-29  2.126001e-65   3.834596e-11   1.000000e+00   6.334240e-04   1.884991e-82  1.101048e-112  6.633009e-107
6  1.081883e-33  6.321312e-18  1.008439e-53   2.665058e-21   6.334240e-04   1.000000e+00   1.008223e-71  6.121314e-104   8.847726e-98
7  8.478784e-24  3.792311e-40  1.447474e-07  6.035853e-102   1.884991e-82   1.008223e-71   1.000000e+00   8.931276e-24   1.774559e-16
8  3.193178e-62  1.739224e-77  1.754917e-42  1.325011e-128  1.101048e-112  6.121314e-104   8.931276e-24   1.000000e+00   2.164390e-02
9  2.210584e-54  3.455539e-70  2.320004e-34  1.729869e-123  6.633009e-107   8.847726e-98   1.774559e-16   2.164390e-02   1.000000e+00

Function 8 at 100 dimensions:
Kruskal-Wallis p-val: 1.2050591633107694e-18
Conover-Iman:
              1             2             3             4             5             6             7             8             9
1  1.000000e+00  7.683715e-05  3.405707e-01  7.051026e-12  4.999255e-06  1.245506e-01  2.742555e-01  3.200729e-01  1.014048e-03
2  7.683715e-05  1.000000e+00  2.419178e-03  1.724774e-03  5.200656e-01  1.388120e-02  3.778527e-03  9.846659e-07  2.677426e-12
3  3.405707e-01  2.419178e-03  1.000000e+00  1.859960e-09  2.558386e-04  5.582979e-01  8.881084e-01  5.212831e-02  2.638690e-05
4  7.051026e-12  1.724774e-03  1.859960e-09  1.000000e+00  1.224362e-02  4.327913e-08  4.042347e-09  1.243712e-14  9.006809e-22
5  4.999255e-06  5.200656e-01  2.558386e-04  1.224362e-02  1.000000e+00  2.003812e-03  4.303190e-04  4.014620e-08  4.460622e-14
6  1.245506e-01  1.388120e-02  5.582979e-01  4.327913e-08  2.003812e-03  1.000000e+00  6.564797e-01  1.175993e-02  1.981189e-06
7  2.742555e-01  3.778527e-03  8.881084e-01  4.042347e-09  4.303190e-04  6.564797e-01  1.000000e+00  3.742070e-02  1.450193e-05
8  3.200729e-01  9.846659e-07  5.212831e-02  1.243712e-14  4.014620e-08  1.175993e-02  3.742070e-02  1.000000e+00  2.068044e-02
9  1.014048e-03  2.677426e-12  2.638690e-05  9.006809e-22  4.460622e-14  1.981189e-06  1.450193e-05  2.068044e-02  1.000000e+00

Function 9 at 100 dimensions:
Kruskal-Wallis p-val: 1.0681430752386868e-48
Conover-Iman:
              1             2             3              4             5             6             7              8             9
1  1.000000e+00  1.321326e-19  2.377824e-31   2.109393e-84  2.048175e-64  1.581052e-69  4.041705e-11   6.268765e-15  7.327506e-06
2  1.321326e-19  1.000000e+00  5.032432e-04   1.202520e-52  2.114534e-30  7.621455e-36  3.631872e-03   4.760697e-48  5.087384e-35
3  2.377824e-31  5.032432e-04  1.000000e+00   2.576415e-40  9.535243e-19  9.142403e-24  5.147622e-10   3.626990e-60  2.109674e-47
4  2.109393e-84  1.202520e-52  2.576415e-40   1.000000e+00  9.112778e-10  2.740209e-06  1.254966e-62  3.167993e-107  1.920678e-97
5  2.048175e-64  2.114534e-30  9.535243e-19   9.112778e-10  1.000000e+00  1.193231e-01  1.137567e-40   4.989547e-90  5.060864e-79
6  1.581052e-69  7.621455e-36  9.142403e-24   2.740209e-06  1.193231e-01  1.000000e+00  3.635068e-46   1.906953e-94  9.433430e-84
7  4.041705e-11  3.631872e-03  5.147622e-10   1.254966e-62  1.137567e-40  3.635068e-46  1.000000e+00   9.851097e-38  6.159207e-25
8  6.268765e-15  4.760697e-48  3.626990e-60  3.167993e-107  4.989547e-90  1.906953e-94  9.851097e-38   1.000000e+00  2.551325e-04
9  7.327506e-06  5.087384e-35  2.109674e-47   1.920678e-97  5.060864e-79  9.433430e-84  6.159207e-25   2.551325e-04  1.000000e+00

Function 10 at 100 dimensions:
Kruskal-Wallis p-val: 1.3536813632171185e-45
Conover-Iman:
              1             2             3             4             5             6             7             8             9
1  1.000000e+00  3.269808e-83  1.738549e-58  9.421578e-12  1.506681e-01  6.022410e-15  4.056069e-50  1.048785e-20  3.852835e-63
2  3.269808e-83  1.000000e+00  2.378570e-13  1.767525e-60  7.696280e-79  1.439997e-56  1.192534e-20  4.665731e-50  9.928431e-10
3  1.738549e-58  2.378570e-13  1.000000e+00  1.303675e-33  1.486548e-53  1.295836e-29  1.564972e-02  2.964133e-23  1.673495e-01
4  9.421578e-12  1.767525e-60  1.303675e-33  1.000000e+00  3.303935e-08  2.499134e-01  2.871131e-25  2.605806e-03  1.816774e-38
5  1.506681e-01  7.696280e-79  1.486548e-53  3.303935e-08  1.000000e+00  5.319438e-11  4.465823e-45  2.974996e-16  2.709497e-58
6  6.022410e-15  1.439997e-56  1.295836e-29  2.499134e-01  5.319438e-11  1.000000e+00  1.777086e-21  6.027892e-02  2.024881e-34
7  4.056069e-50  1.192534e-20  1.564972e-02  2.871131e-25  4.465823e-45  1.777086e-21  1.000000e+00  1.202210e-15  1.684106e-04
8  1.048785e-20  4.665731e-50  2.964133e-23  2.605806e-03  2.974996e-16  6.027892e-02  1.202210e-15  1.000000e+00  6.792773e-28
9  3.852835e-63  9.928431e-10  1.673495e-01  1.816774e-38  2.709497e-58  2.024881e-34  1.684106e-04  6.792773e-28  1.000000e+00

Function 11 at 100 dimensions:
Kruskal-Wallis p-val: 1.241466259751277e-50
Conover-Iman:
               1              2             3              4              5             6             7              8             9
1   1.000000e+00   3.713997e-10  1.424502e-54  2.590538e-119  2.052468e-114  4.755458e-76  5.662807e-20   1.023657e-95  1.707353e-19
2   3.713997e-10   1.000000e+00  5.277064e-76  1.111327e-133  2.660929e-129  3.096427e-95  3.004140e-42  1.139532e-112  1.030259e-41
3   1.424502e-54   5.277064e-76  1.000000e+00   4.191482e-63   3.885559e-56  3.418121e-10  2.702319e-20   6.939539e-31  8.855768e-21
4  2.590538e-119  1.111327e-133  4.191482e-63   1.000000e+00   4.008197e-02  1.445718e-40  6.620017e-94   6.073035e-18  2.491107e-94
5  2.052468e-114  2.660929e-129  3.885559e-56   4.008197e-02   1.000000e+00  2.524779e-33  5.032525e-88   5.275285e-12  1.822750e-88
6   4.755458e-76   3.096427e-95  3.418121e-10   1.445718e-40   2.524779e-33  1.000000e+00  1.174932e-42   1.360319e-10  3.428008e-43
7   5.662807e-20   3.004140e-42  2.702319e-20   6.620017e-94   5.032525e-88  1.174932e-42  1.000000e+00   1.346251e-65  8.792841e-01
8   1.023657e-95  1.139532e-112  6.939539e-31   6.073035e-18   5.275285e-12  1.360319e-10  1.346251e-65   1.000000e+00  4.256816e-66
9   1.707353e-19   1.030259e-41  8.855768e-21   2.491107e-94   1.822750e-88  3.428008e-43  8.792841e-01   4.256816e-66  1.000000e+00

Function 12 at 100 dimensions:
Kruskal-Wallis p-val: 6.667644798068727e-50
Conover-Iman:
              1             2             3              4              5              6             7              8              9
1  1.000000e+00  3.624387e-35  1.538285e-10   3.950138e-97   4.104226e-69   2.261659e-77  2.972740e-21   5.013628e-22   4.243428e-14
2  3.624387e-35  1.000000e+00  1.687346e-13   4.189186e-52   8.236731e-20   2.030826e-28  5.512898e-05   2.426805e-71   7.278753e-63
3  1.538285e-10  1.687346e-13  1.000000e+00   1.033010e-77   1.634159e-46   1.471566e-55  2.832858e-04   4.878903e-45   6.473012e-36
4  3.950138e-97  4.189186e-52  1.033010e-77   1.000000e+00   3.232219e-18   8.084105e-11  5.721006e-66  1.855482e-123  1.825694e-117
5  4.104226e-69  8.236731e-20  1.634159e-46   3.232219e-18   1.000000e+00   9.675449e-03  1.387482e-33  2.197769e-100   2.822983e-93
6  2.261659e-77  2.030826e-28  1.471566e-55   8.084105e-11   9.675449e-03   1.000000e+00  9.663613e-43  3.423929e-107  2.029460e-100
7  2.972740e-21  5.512898e-05  2.832858e-04   5.721006e-66   1.387482e-33   9.663613e-43  1.000000e+00   8.656843e-58   7.640091e-49
8  5.013628e-22  2.426805e-71  4.878903e-45  1.855482e-123  2.197769e-100  3.423929e-107  8.656843e-58   1.000000e+00   1.003735e-02
9  4.243428e-14  7.278753e-63  6.473012e-36  1.825694e-117   2.822983e-93  2.029460e-100  7.640091e-49   1.003735e-02   1.000000e+00

Function 13 at 100 dimensions:
Kruskal-Wallis p-val: 4.557054495179695e-08
Conover-Iman:
          1         2         3         4         5             6         7         8             9
1  1.000000  0.522493  0.420788  0.571600  0.372727  6.312160e-04  0.617728  0.266739  2.267269e-04
2  0.522493  1.000000  0.868320  0.941100  0.126417  5.179614e-03  0.888214  0.080715  1.721399e-05
3  0.420788  0.868320  1.000000  0.810585  0.090466  8.455299e-03  0.759349  0.056035  8.382074e-06
4  0.571600  0.941100  0.810585  1.000000  0.145678  4.132728e-03  0.946837  0.094271  2.356348e-05
5  0.372727  0.126417  0.090466  0.145678  1.000000  1.931873e-05  0.164931  0.825988  4.771455e-03
6  0.000631  0.005180  0.008455  0.004133  0.000019  1.000000e+00  0.003358  0.000007  6.451822e-12
7  0.617728  0.888214  0.759349  0.946837  0.164931  3.357749e-03  1.000000  0.108028  3.116982e-05
8  0.266739  0.080715  0.056035  0.094271  0.825988  7.439473e-06  0.108028  1.000000  9.138657e-03
9  0.000227  0.000017  0.000008  0.000024  0.004771  6.451822e-12  0.000031  0.009139  1.000000e+00
Min | Dimensions: 100 | Func: 13 | Winner: CPSO | But not independent from: CCDE | Pval: 0.5715996518965938
Min | Dimensions: 100 | Func: 13 | Winner: CPSO | But not independent from: DCDE | Pval: 0.9411001289655075
Min | Dimensions: 100 | Func: 13 | Winner: CPSO | But not independent from: MCDE | Pval: 0.8105853464925775
Min | Dimensions: 100 | Func: 13 | Winner: CPSO | But not independent from: DCPSO | Pval: 0.14567796539252134
Min | Dimensions: 100 | Func: 13 | Winner: CPSO | But not independent from: CABC | Pval: 0.946837434925263
Min | Dimensions: 100 | Func: 13 | Winner: CPSO | But not independent from: DCABC | Pval: 0.09427131747225895

Function 14 at 100 dimensions:
Kruskal-Wallis p-val: 1.7617288429578e-49
Conover-Iman:
               1             2             3              4             5              6             7              8             9
1   1.000000e+00  1.265915e-39  2.078958e-66  4.499634e-108  5.473299e-96  2.660815e-104  2.990734e-49   6.204947e-01  5.026421e-15
2   1.265915e-39  1.000000e+00  1.515241e-13   6.023070e-62  3.118328e-46   5.541592e-57  6.531531e-03   7.030007e-38  1.876071e-12
3   2.078958e-66  1.515241e-13  1.000000e+00   6.804512e-35  1.661990e-19   8.643740e-30  8.095629e-07   8.919277e-65  8.571297e-38
4  4.499634e-108  6.023070e-62  6.804512e-35   1.000000e+00  7.471278e-06   1.430748e-01  1.309169e-52  8.218672e-107  2.715704e-85
5   5.473299e-96  3.118328e-46  1.661990e-19   7.471278e-06  1.000000e+00   2.126485e-03  1.372282e-36   1.292541e-94  3.276702e-71
6  2.660815e-104  5.541592e-57  8.643740e-30   1.430748e-01  2.126485e-03   1.000000e+00  1.694366e-47  5.263065e-103  6.822870e-81
7   2.990734e-49  6.531531e-03  8.095629e-07   1.309169e-52  1.372282e-36   1.694366e-47  1.000000e+00   1.612840e-47  1.365996e-20
8   6.204947e-01  7.030007e-38  8.919277e-65  8.218672e-107  1.292541e-94  5.263065e-103  1.612840e-47   1.000000e+00  1.294542e-13
9   5.026421e-15  1.876071e-12  8.571297e-38   2.715704e-85  3.276702e-71   6.822870e-81  1.365996e-20   1.294542e-13  1.000000e+00
Avg | Dimensions: 100 | Func: 14 | Winner: CPSO | But not independent from: MCPSO | Pval: 0.143074805420944
Min | Dimensions: 100 | Func: 14 | Winner: CPSO | But not independent from: MCPSO | Pval: 0.143074805420944

Function 15 at 100 dimensions:
Kruskal-Wallis p-val: 1.121629577584799e-44
Conover-Iman:
              1             2             3             4             5             6             7             8             9
1  1.000000e+00  1.543295e-47  2.848505e-17  1.631564e-07  3.242906e-05  3.637569e-11  8.767197e-06  2.050075e-21  5.923559e-30
2  1.543295e-47  1.000000e+00  1.007538e-16  1.051530e-28  1.090399e-32  7.595678e-71  4.538187e-63  1.049025e-81  9.612092e-07
3  2.848505e-17  1.007538e-16  1.000000e+00  2.708245e-04  2.167729e-06  1.404385e-40  3.043459e-32  8.956655e-53  1.354461e-04
4  1.631564e-07  1.051530e-28  2.708245e-04  1.000000e+00  2.497533e-01  1.022374e-27  6.954748e-20  7.506178e-40  6.600471e-13
5  3.242906e-05  1.090399e-32  2.167729e-06  2.497533e-01  1.000000e+00  7.621954e-24  2.434396e-16  8.528175e-36  3.323882e-16
6  3.637569e-11  7.595678e-71  1.404385e-40  1.022374e-27  7.621954e-24  1.000000e+00  1.815995e-02  5.763434e-04  4.086122e-54
7  8.767197e-06  4.538187e-63  3.043459e-32  6.954748e-20  2.434396e-16  1.815995e-02  1.000000e+00  1.371263e-08  7.645742e-46
8  2.050075e-21  1.049025e-81  8.956655e-53  7.506178e-40  8.528175e-36  5.763434e-04  1.371263e-08  1.000000e+00  7.332640e-66
9  5.923559e-30  9.612092e-07  1.354461e-04  6.600471e-13  3.323882e-16  4.086122e-54  7.645742e-46  7.332640e-66  1.000000e+00

Function 16 at 100 dimensions:
Kruskal-Wallis p-val: 4.43605784539268e-47
Conover-Iman:
              1             2             3             4             5             6             7             8             9
1  1.000000e+00  1.862037e-05  3.909211e-18  9.256048e-52  7.559152e-41  8.116409e-67  2.398773e-50  2.492391e-86  4.330552e-07
2  1.862037e-05  1.000000e+00  1.278965e-32  1.686332e-66  4.743256e-56  1.354898e-80  3.680788e-65  1.240434e-98  1.018222e-18
3  3.909211e-18  1.278965e-32  1.000000e+00  1.394293e-19  1.226867e-10  1.397118e-34  2.587652e-18  1.629806e-56  4.108297e-05
4  9.256048e-52  1.686332e-66  1.394293e-19  1.000000e+00  2.038237e-03  1.227868e-05  6.842964e-01  1.613876e-22  1.393995e-33
5  7.559152e-41  4.743256e-56  1.226867e-10  2.038237e-03  1.000000e+00  6.268760e-13  7.197352e-03  4.308686e-33  5.602181e-23
6  8.116409e-67  1.354898e-80  1.397118e-34  1.227868e-05  6.268760e-13  1.000000e+00  1.978355e-06  1.404065e-09  3.118894e-49
7  2.398773e-50  3.680788e-65  2.587652e-18  6.842964e-01  7.197352e-03  1.978355e-06  1.000000e+00  7.431072e-24  3.646079e-32
8  2.492391e-86  1.240434e-98  1.629806e-56  1.613876e-22  4.308686e-33  1.404065e-09  7.431072e-24  1.000000e+00  2.260996e-70
9  4.330552e-07  1.018222e-18  4.108297e-05  1.393995e-33  5.602181e-23  3.118894e-49  3.646079e-32  2.260996e-70  1.000000e+00

Function 17 at 100 dimensions:
Kruskal-Wallis p-val: 3.1426013662790393e-50
Conover-Iman:
               1             2             3              4              5              6             7              8              9
1   1.000000e+00  5.620200e-56  8.828395e-60  1.283976e-126  3.648938e-103  7.689789e-116  4.446883e-74   8.341495e-03   6.633964e-21
2   5.620200e-56  1.000000e+00  2.642215e-01   2.845452e-72   3.960024e-39   9.155342e-57  9.392697e-08   9.268094e-47   1.148835e-20
3   8.828395e-60  2.642215e-01  1.000000e+00   1.127398e-68   3.376956e-35   6.383517e-53  1.766015e-05   1.151620e-50   2.594614e-24
4  1.283976e-126  2.845452e-72  1.127398e-68   1.000000e+00   2.340223e-19   4.360040e-06  5.076556e-54  1.273316e-120  7.063277e-102
5  3.648938e-103  3.960024e-39  3.376956e-35   2.340223e-19   1.000000e+00   7.967245e-07  2.087356e-20   5.148355e-96   1.383084e-73
6  7.689789e-116  9.155342e-57  6.383517e-53   4.360040e-06   7.967245e-07   1.000000e+00  1.332083e-37  2.518076e-109   6.785595e-89
7   4.446883e-74  9.392697e-08  1.766015e-05   5.076556e-54   2.087356e-20   1.332083e-37  1.000000e+00   1.670511e-65   2.047598e-39
8   8.341495e-03  9.268094e-47  1.151620e-50  1.273316e-120   5.148355e-96  2.518076e-109  1.670511e-65   1.000000e+00   5.998297e-13
9   6.633964e-21  1.148835e-20  2.594614e-24  7.063277e-102   1.383084e-73   6.785595e-89  2.047598e-39   5.998297e-13   1.000000e+00

Function 18 at 100 dimensions:
Kruskal-Wallis p-val: 2.4847743233246987e-19
Conover-Iman:
              1         2         3         4             5             6         7             8             9
1  1.000000e+00  0.000027  0.000101  0.000034  1.091241e-16  6.337343e-01  0.000018  1.160106e-09  6.641521e-16
2  2.687957e-05  1.000000  0.745969  0.954994  6.387860e-06  3.336772e-06  0.926721  4.236060e-02  2.008615e-05
3  1.005354e-04  0.745969  1.000000  0.789057  1.453806e-06  1.404159e-05  0.677487  1.879837e-02  4.871225e-06
4  3.402220e-05  0.954994  0.789057  1.000000  4.963576e-06  4.310060e-06  0.882022  3.700455e-02  1.578341e-05
5  1.091241e-16  0.000006  0.000001  0.000005  1.000000e+00  3.877192e-18  0.000010  1.080970e-02  7.922760e-01
6  6.337343e-01  0.000003  0.000014  0.000004  3.877192e-18  1.000000e+00  0.000002  7.464892e-11  2.478235e-17
7  1.821253e-05  0.926721  0.677487  0.882022  9.587011e-06  2.187768e-06  1.000000  5.249835e-02  2.959682e-05
8  1.160106e-09  0.042361  0.018798  0.037005  1.080970e-02  7.464892e-11  0.052498  1.000000e+00  2.203183e-02
9  6.641521e-16  0.000020  0.000005  0.000016  7.922760e-01  2.478235e-17  0.000030  2.203183e-02  1.000000e+00
Avg | Dimensions: 100 | Func: 18 | Winner: MCPSO | But not independent from: CCDE | Pval: 0.6337343063503575
Min | Dimensions: 100 | Func: 18 | Winner: MCPSO | But not independent from: CCDE | Pval: 0.6337343063503575

Function 19 at 100 dimensions:
Kruskal-Wallis p-val: 4.1707257902424334e-51
Conover-Iman:
               1             2             3              4              5              6              7              8              9
1   1.000000e+00  3.861714e-65  2.531950e-80  1.320139e-111  3.041995e-118  5.225093e-133   1.249846e-32   1.179344e-08   1.574368e-16
2   3.861714e-65  1.000000e+00  2.898013e-06   3.250801e-41   7.183764e-51   4.640960e-73   2.762211e-18   1.149793e-83   1.201226e-34
3   2.531950e-80  2.898013e-06  1.000000e+00   1.185686e-24   4.298863e-34   2.652605e-57   2.932996e-34   2.486014e-97   2.025595e-51
4  1.320139e-111  3.250801e-41  1.185686e-24   1.000000e+00   6.274005e-03   2.762211e-18   4.640960e-73  2.055606e-125   6.191391e-88
5  3.041995e-118  7.183764e-51  4.298863e-34   6.274005e-03   1.000000e+00   1.697578e-10   1.349164e-81  2.101580e-131   9.622141e-96
6  5.225093e-133  4.640960e-73  2.652605e-57   2.762211e-18   1.697578e-10   1.000000e+00  1.611706e-100  8.508392e-145  5.022637e-113
7   1.249846e-32  2.762211e-18  2.932996e-34   4.640960e-73   1.349164e-81  1.611706e-100   1.000000e+00   2.954905e-53   1.737551e-06
8   1.179344e-08  1.149793e-83  2.486014e-97  2.055606e-125  2.101580e-131  8.508392e-145   2.954905e-53   1.000000e+00   4.065469e-36
9   1.574368e-16  1.201226e-34  2.025595e-51   6.191391e-88   9.622141e-96  5.022637e-113   1.737551e-06   4.065469e-36   1.000000e+00

Function 20 at 100 dimensions:
Kruskal-Wallis p-val: 5.817719866728035e-24
Conover-Iman:
              1             2             3             4             5             6             7             8             9
1  1.000000e+00  5.783005e-03  1.953186e-07  1.093548e-01  6.352717e-03  2.239894e-03  2.598705e-06  1.979585e-11  5.606469e-20
2  5.783005e-03  1.000000e+00  1.090098e-02  2.405832e-01  9.748584e-01  1.320414e-08  4.404698e-02  3.214932e-05  7.931892e-12
3  1.953186e-07  1.090098e-02  1.000000e+00  2.258521e-04  9.972432e-03  2.303745e-15  5.891166e-01  9.662985e-02  6.560355e-06
4  1.093548e-01  2.405832e-01  2.258521e-04  1.000000e+00  2.533975e-01  4.339099e-06  1.546056e-03  1.441124e-07  4.277152e-15
5  6.352717e-03  9.748584e-01  9.972432e-03  2.533975e-01  1.000000e+00  1.561536e-08  4.087577e-02  2.818454e-05  6.541832e-12
6  2.239894e-03  1.320414e-08  2.303745e-15  4.339099e-06  1.561536e-08  1.000000e+00  8.158885e-14  1.829744e-20  2.993108e-30
7  2.598705e-06  4.404698e-02  5.891166e-01  1.546056e-03  4.087577e-02  8.158885e-14  1.000000e+00  2.809939e-02  5.340070e-07
8  1.979585e-11  3.214932e-05  9.662985e-02  1.441124e-07  2.818454e-05  1.829744e-20  2.809939e-02  1.000000e+00  3.646573e-03
9  5.606469e-20  7.931892e-12  6.560355e-06  4.277152e-15  6.541832e-12  2.993108e-30  5.340070e-07  3.646573e-03  1.000000e+00

Function 1 at 500 dimensions:
Kruskal-Wallis p-val: 1.086772311515372e-52
Conover-Iman:
               1              2              3              4              5              6              7              8              9
1   1.000000e+00   1.117894e-67   2.754692e-24   6.007019e-72  3.874198e-104  5.733639e-132  2.385575e-155   2.206022e-28  2.314502e-103
2   1.117894e-67   1.000000e+00   7.614775e-29  6.779079e-134  3.690597e-155   5.390240e-69  2.027471e-104  3.038476e-104   3.112701e-27
3   2.754692e-24   7.614775e-29   1.000000e+00  1.590886e-104  9.825242e-131  1.211036e-105  8.233492e-134   3.084676e-67   1.607510e-70
4   6.007019e-72  6.779079e-134  1.590886e-104   1.000000e+00   8.548539e-24  2.487001e-176  5.341651e-193   3.245447e-29  6.006069e-157
5  3.874198e-104  3.690597e-155  9.825242e-131   8.548539e-24   1.000000e+00  1.116050e-191  1.977332e-206   1.515462e-67  8.253712e-175
6  5.733639e-132   5.390240e-69  1.211036e-105  2.487001e-176  1.116050e-191   1.000000e+00   3.112701e-27  6.127509e-156   3.112701e-27
7  2.385575e-155  2.027471e-104  8.233492e-134  5.341651e-193  1.977332e-206   3.112701e-27   1.000000e+00  1.794077e-175   5.390240e-69
8   2.206022e-28  3.038476e-104   3.084676e-67   3.245447e-29   1.515462e-67  6.127509e-156  1.794077e-175   1.000000e+00  1.112971e-132
9  2.314502e-103   3.112701e-27   1.607510e-70  6.006069e-157  8.253712e-175   3.112701e-27   5.390240e-69  1.112971e-132   1.000000e+00

Function 2 at 500 dimensions:
Kruskal-Wallis p-val: 1.2434925609905148e-51
Conover-Iman:
               1              2              3              4              5              6              7              8              9
1   1.000000e+00   1.071187e-71   4.281314e-71   7.747051e-02   4.942741e-24  3.239079e-142  2.453596e-122   4.610345e-30  1.117788e-109
2   1.071187e-71   1.000000e+00   8.510249e-01   5.978555e-66  4.033548e-104   6.274741e-81   5.298604e-50   2.823506e-27   2.006703e-31
3   4.281314e-71   8.510249e-01   1.000000e+00   2.486256e-65  1.248759e-103   1.690418e-81   1.175335e-50   1.223243e-26   4.469120e-32
4   7.747051e-02   5.978555e-66   2.486256e-65   1.000000e+00   4.949694e-30  1.035175e-138  3.100975e-118   4.616635e-24  3.628374e-105
5   4.942741e-24  4.033548e-104  1.248759e-103   4.949694e-30   1.000000e+00  2.551183e-162  1.313876e-145   1.393912e-68  3.996464e-135
6  3.239079e-142   6.274741e-81   1.690418e-81  1.035175e-138  2.551183e-162   1.000000e+00   2.245506e-18  5.294695e-114   3.574694e-36
7  2.453596e-122   5.298604e-50   1.175335e-50  3.100975e-118  1.313876e-145   2.245506e-18   1.000000e+00   5.170377e-89   2.469473e-07
8   4.610345e-30   2.823506e-27   1.223243e-26   4.616635e-24   1.393912e-68  5.294695e-114   5.170377e-89   1.000000e+00   5.959959e-73
9  1.117788e-109   2.006703e-31   4.469120e-32  3.628374e-105  3.996464e-135   3.574694e-36   2.469473e-07   5.959959e-73   1.000000e+00

Function 3 at 500 dimensions:
Kruskal-Wallis p-val: 2.2250647838912192e-49
Conover-Iman:
              1             2             3              4              5              6              7             8             9
1  1.000000e+00  6.316928e-21  8.602120e-05   1.969667e-38   3.716087e-43   2.476209e-50   1.950939e-70  8.408577e-14  1.595954e-17
2  6.316928e-21  1.000000e+00  1.604689e-09   3.239957e-73   2.018445e-77   1.262562e-15   2.247862e-35  4.047773e-48  2.775649e-01
3  8.602120e-05  1.604689e-09  1.000000e+00   2.076562e-52   5.081630e-57   2.498846e-36   3.315277e-57  2.659970e-26  4.699335e-07
4  1.969667e-38  3.239957e-73  2.076562e-52   1.000000e+00   1.807748e-01   2.844208e-98  1.186489e-113  1.067848e-12  9.804921e-70
5  3.716087e-43  2.018445e-77  5.081630e-57   1.807748e-01   1.000000e+00  7.179700e-102  7.070861e-117  1.541812e-16  5.098329e-74
6  2.476209e-50  1.262562e-15  2.498846e-36   2.844208e-98  7.179700e-102   1.000000e+00   7.138834e-09  1.830233e-76  6.402210e-19
7  1.950939e-70  2.247862e-35  3.315277e-57  1.186489e-113  7.070861e-117   7.138834e-09   1.000000e+00  3.961061e-94  3.376982e-39
8  8.408577e-14  4.047773e-48  2.659970e-26   1.067848e-12   1.541812e-16   1.830233e-76   3.961061e-94  1.000000e+00  2.643175e-44
9  1.595954e-17  2.775649e-01  4.699335e-07   9.804921e-70   5.098329e-74   6.402210e-19   3.376982e-39  2.643175e-44  1.000000e+00

Function 4 at 500 dimensions:
Kruskal-Wallis p-val: 5.446840151009283e-46
Conover-Iman:
              1             2             3             4             5             6             7             8             9
1  1.000000e+00  3.956198e-04  1.660286e-02  3.013210e-23  1.847182e-06  4.490674e-25  3.527868e-21  3.293369e-37  1.441192e-40
2  3.956198e-04  1.000000e+00  6.545750e-09  1.587478e-35  1.812469e-15  1.843441e-37  1.037989e-10  7.790913e-25  4.689131e-28
3  1.660286e-02  6.545750e-09  1.000000e+00  1.051448e-15  1.418232e-02  2.369448e-17  3.205580e-29  1.086083e-45  4.957762e-49
4  3.013210e-23  1.587478e-35  1.051448e-15  1.000000e+00  4.221731e-09  5.819679e-01  5.583601e-59  2.236750e-74  2.329475e-77
5  1.847182e-06  1.812469e-15  1.418232e-02  4.221731e-09  1.000000e+00  1.892788e-10  8.002792e-38  2.783518e-54  1.503544e-57
6  4.490674e-25  1.843441e-37  2.369448e-17  5.819679e-01  1.892788e-10  1.000000e+00  7.712180e-61  4.181904e-76  4.651965e-79
7  3.527868e-21  1.037989e-10  3.205580e-29  5.583601e-59  8.002792e-38  7.712180e-61  1.000000e+00  4.114052e-06  3.981343e-08
8  3.293369e-37  7.790913e-25  1.086083e-45  2.236750e-74  2.783518e-54  4.181904e-76  4.114052e-06  1.000000e+00  3.407049e-01
9  1.441192e-40  4.689131e-28  4.957762e-49  2.329475e-77  1.503544e-57  4.651965e-79  3.981343e-08  3.407049e-01  1.000000e+00
Avg | Dimensions: 500 | Func: 4 | Winner: MCPSO | But not independent from: CPSO | Pval: 0.5819678827399444
Min | Dimensions: 500 | Func: 4 | Winner: MCPSO | But not independent from: CPSO | Pval: 0.5819678827399444

Function 5 at 500 dimensions:
Kruskal-Wallis p-val: 4.0036542877354323e-38
Conover-Iman:
              1             2             3             4             5             6             7             8             9
1  1.000000e+00  6.557524e-05  1.082555e-22  4.241875e-13  3.730694e-01  3.444216e-35  5.682961e-17  1.964280e-34  1.169622e-23
2  6.557524e-05  1.000000e+00  1.424048e-36  1.112501e-25  1.334415e-06  1.944904e-49  3.035293e-30  1.102885e-48  1.316669e-37
3  1.082555e-22  1.424048e-36  1.000000e+00  1.788105e-03  7.989878e-20  3.018002e-04  7.054068e-02  6.605692e-04  7.687679e-01
4  4.241875e-13  1.112501e-25  1.788105e-03  1.000000e+00  9.887401e-11  6.353895e-11  1.814197e-01  2.245615e-10  6.532883e-04
5  3.730694e-01  1.334415e-06  7.989878e-20  9.887401e-11  1.000000e+00  4.473892e-32  2.358853e-14  2.512169e-31  9.282650e-21
6  3.444216e-35  1.944904e-49  3.018002e-04  6.353895e-11  4.473892e-32  1.000000e+00  1.007401e-07  8.291381e-01  8.692205e-04
7  5.682961e-17  3.035293e-30  7.054068e-02  1.814197e-01  2.358853e-14  1.007401e-07  1.000000e+00  2.962209e-07  3.579778e-02
8  1.964280e-34  1.102885e-48  6.605692e-04  2.245615e-10  2.512169e-31  8.291381e-01  2.962209e-07  1.000000e+00  1.806672e-03
9  1.169622e-23  1.316669e-37  7.687679e-01  6.532883e-04  9.282650e-21  8.692205e-04  3.579778e-02  1.806672e-03  1.000000e+00

Function 6 at 500 dimensions:
Kruskal-Wallis p-val: 2.776702749588255e-37
Conover-Iman:
              1             2             3             4             5             6             7             8             9
1  1.000000e+00  6.501997e-03  2.860253e-17  2.348594e-24  1.200703e-07  2.175639e-34  1.688639e-15  1.259854e-43  7.836995e-25
2  6.501997e-03  1.000000e+00  4.243055e-26  9.711345e-34  1.190316e-14  4.931642e-44  4.106288e-24  3.348180e-53  3.067530e-34
3  2.860253e-17  4.243055e-26  1.000000e+00  2.713016e-02  3.404514e-04  5.099377e-07  5.527565e-01  1.702210e-13  1.874095e-02
4  2.348594e-24  9.711345e-34  2.713016e-02  1.000000e+00  1.446814e-08  3.697072e-03  5.224814e-03  6.769045e-08  8.861901e-01
5  1.200703e-07  1.190316e-14  3.404514e-04  1.446814e-08  1.000000e+00  2.168400e-16  2.639633e-03  9.902116e-25  6.710723e-09
6  2.175639e-34  4.931642e-44  5.099377e-07  3.697072e-03  2.168400e-16  1.000000e+00  2.541588e-08  9.108708e-03  5.726374e-03
7  1.688639e-15  4.106288e-24  5.527565e-01  5.224814e-03  2.639633e-03  2.541588e-08  1.000000e+00  3.456623e-15  3.361026e-03
8  1.259854e-43  3.348180e-53  1.702210e-13  6.769045e-08  9.902116e-25  9.108708e-03  3.456623e-15  1.000000e+00  1.399786e-07
9  7.836995e-25  3.067530e-34  1.874095e-02  8.861901e-01  6.710723e-09  5.726374e-03  3.361026e-03  1.399786e-07  1.000000e+00

Function 7 at 500 dimensions:
Kruskal-Wallis p-val: 1.059202315489993e-48
Conover-Iman:
              1             2             3             4             5              6             7              8              9
1  1.000000e+00  2.523203e-18  1.178724e-01  2.587231e-01  1.610673e-14   2.344702e-40  9.163128e-35   3.412415e-61   6.826411e-61
2  2.523203e-18  1.000000e+00  1.076384e-13  6.139436e-15  4.128569e-46   3.930040e-10  3.437562e-67   1.640499e-90   2.961610e-90
3  1.178724e-01  1.076384e-13  1.000000e+00  6.624270e-01  3.135021e-19   7.648810e-35  2.811990e-40   2.114697e-66   4.164655e-66
4  2.587231e-01  6.139436e-15  6.624270e-01  1.000000e+00  7.078514e-18   2.246051e-36  9.720665e-39   5.806534e-65   1.148693e-64
5  1.610673e-14  4.128569e-46  3.135021e-19  7.078514e-18  1.000000e+00   3.259604e-68  2.298450e-09   6.619266e-33   1.358054e-32
6  2.344702e-40  3.930040e-10  7.648810e-35  2.246051e-36  3.259604e-68   1.000000e+00  2.533162e-87  4.962055e-108  8.376180e-108
7  9.163128e-35  3.437562e-67  2.811990e-40  9.720665e-39  2.298450e-09   2.533162e-87  1.000000e+00   5.020277e-13   8.838031e-13
8  3.412415e-61  1.640499e-90  2.114697e-66  5.806534e-65  6.619266e-33  4.962055e-108  5.020277e-13   1.000000e+00   9.286310e-01
9  6.826411e-61  2.961610e-90  4.164655e-66  1.148693e-64  1.358054e-32  8.376180e-108  8.838031e-13   9.286310e-01   1.000000e+00

Function 8 at 500 dimensions:
Kruskal-Wallis p-val: 2.5822200527101407e-16
Conover-Iman:
              1             2             3             4         5             6         7             8             9
1  1.000000e+00  4.053665e-01  2.454902e-01  2.250528e-01  0.000263  7.548837e-01  0.003183  1.280963e-07  5.750967e-11
2  4.053665e-01  1.000000e+00  7.412378e-01  4.141207e-02  0.000009  6.028841e-01  0.000173  1.532311e-09  3.436147e-13
3  2.454902e-01  7.412378e-01  1.000000e+00  1.802784e-02  0.000002  3.952961e-01  0.000047  2.345384e-10  4.085545e-14
4  2.250528e-01  4.141207e-02  1.802784e-02  1.000000e+00  0.013610  1.275707e-01  0.079407  3.442060e-05  4.903932e-08
5  2.625973e-04  8.835081e-06  1.987828e-06  1.361017e-02  1.000000  7.841559e-05  0.470182  8.464034e-02  1.912691e-03
6  7.548837e-01  6.028841e-01  3.952961e-01  1.275707e-01  0.000078  1.000000e+00  0.001141  2.569482e-08  8.807261e-12
7  3.183337e-03  1.730092e-04  4.671073e-05  7.940712e-02  0.470182  1.141258e-03  1.000000  1.477354e-02  1.437730e-04
8  1.280963e-07  1.532311e-09  2.345384e-10  3.442060e-05  0.084640  2.569482e-08  0.014774  1.000000e+00  1.613877e-01
